0.1137 1.0871
0.6897 0.6605
0.4898 -0.9256
-0.2363 -0.9746
0.4493 1.0364
0.2799 1.1081
0.202 -0.9789
-0.4693 0.9556
-0.0694 -1.047
0.3271 -0.9141
-1.0236 -0.2367
-0.9672 0.2772
-0.5608 0.8905
-0.7196 -0.6979
0.3675 1.0408
-0.7886 0.5758
-0.0123 1.0619
0.0469 1.0994
0.5424 0.8798
-0.9542 0.0482
-0.9323 0.5054
-0.402 0.9532
-0.9848 0.5823
0.2325 0.9702
0.3751 -0.925
-0.449 -1.0239
0.2066 -1.0459
0.9219 0.6487
-0.9034 -0.5145
1.0877 0.055
-0.9207 -0.6715
-0.2915 -0.9221
0.7705 -0.8486
-0.264 -1.0242
-0.9709 -0.3821
-0.8199 0.6476
0.0675 -0.9761
-0.7928 -0.5946
0.7707 -0.7622
-0.9831 -0.4665
0.7778 0.8176
0.3947 1.063
0.0815 0.9993
-0.1575 1.0747
0.4407 0.8868
-0.9259 -0.2622
0.3868 -0.9809
-0.4917 -0.8398
-0.1065 -1.003
-0.7205 -0.8841
0.5432 0.9915
-0.6281 0.9622
1.1012 0.3209
-0.0539 -1.0729
0.2757 1.0073
0.5573 0.9787
0.835 0.4918
0.9204 -0.582
-0.1837 1.0565
1.0886 -0.0818
-0.7354 0.775
0.6039 -0.9313
-0.5687 0.8772
0.3268 -0.9033
-0.7449 -0.6641
-0.873 0.5735
0.9536 0.1374
-0.1938 -1.115
-0.4594 -0.9061
0.6065 -0.8198
1.054 -0.2149
0.1037 -0.9685
-0.1926 -1.0064
0.0122 1.0184
0.965 -0.4513
0.9714 0.3293
-1.0449 0.3583
0.4453 -0.9242
-0.0277 -1.0817
-0.666 0.7143
0.4667 -1.0168
-0.9711 0.2624
0.1502 -0.986
-1.0176 0.1078
1.0373 0.0533
0.1 1.0471
0.8033 -0.5952
0.3355 0.9715
-0.4001 1.0769
0.0722 0.9818
0.8578 -0.5376
0.5283 -0.8336
0.6969 -0.714
0.4119 0.8649
0.8582 -0.6773
-0.6073 -0.972
1.0312 0.0941
0.2206 -1.1027
-0.834 0.4784
-0.9053 -0.6974
0.092 1.1183
0.9088 0.4051
0.9447 -0.1019
-0.4015 -0.9259
0.2737 -0.936
-1.0854 -0.0748
-0.0902 1.0739
0.0706 -1.1265
0.343 1.0119
-0.989 -0.3622
0.4656 -0.8847
1.091 0.1188
-1.0394 -0.108
-0.5836 0.8167
0.8545 0.4453
-0.6843 0.8227
-1.1055 -0.0989
0.1213 -1.1233
-0.9046 -0.56
0.2426 1.0632
-0.1492 -0.9776
-1.0023 -0.3889
0.6258 -0.7693
-0.9482 -0.2363
0.88 -0.7241
0.4297 0.8938
-0.1005 0.9609
0.7198 0.8814
0.2901 -0.9436
-0.9448 -0.6218
1.1095 0.1577
-0.8019 0.6318
-0.6522 0.9309
0.4811 1.0197
-0.7311 -0.8109
0.7842 0.5523
0.2469 0.9863
-0.2824 0.9725
-1.0034 -0.0503
0.9788 -0.2675
1.1164 0.1437
-1.1032 -0.0273
0.1259 1.0482
0.6174 -0.9595
0.0578 1.044
0.152 -0.9504
-0.5824 0.9643
-0.99 0.1218
0.0577 -1.0701
0.2349 1.0088
-0.7405 0.8168
0.5418 -0.8715
0.392 -0.9419
-0.7802 -0.7395
0.1484 1.0659
-0.9481 0.5247
0.9723 -0.4685
-0.9657 -0.4614
-0.94 -0.5727
0.7819 0.8101
-0.7383 0.7254
0.4763 0.9353
-0.9301 -0.5951
-1.1473 0.0645
-0.5422 -1.0008
-0.8338 -0.7905
0.4985 0.9538
-0.1968 -1.0229
0.5108 -1.0146
-0.8949 0.3765
0.5697 -0.7663
0.0038 0.9931
0.7949 0.5643
-0.7287 0.7467
0.9925 0.4664
0.7954 0.522
0.9535 0.0517
-1.0963 0.1491
-0.7567 0.7079
0.9203 -0.6358
-0.5842 0.7566
-0.9934 0.4423
0.9622 0.5074
1.0214 -0.0619
-0.7899 0.6273
-0.2668 -1.0577
-0.7213 0.8518
0.5008 -0.9159
0.9833 -0.4007
1.0772 0.1836
0.7817 -0.6487
-0.646 -0.892
0.5791 -0.9632
-0.2167 0.9952
-0.3616 0.9271
0.8754 -0.4671
0.7062 0.7609
-1.066 -0.1923
0.1329 0.9415
0.7141 -0.7983
-0.8889 -0.6943
-0.1008 1.0109
-1.0132 0.2574
-0.8379 0.5825
0.3891 1.0687
0.2813 -1.0271
-0.9853 0.0389
0.8067 0.5344
1.0287 -0.1731
0.8929 -0.6934
-0.2175 -1.0087
-1.0235 0.2685
0.8489 -0.4977
-0.882 0.5693
-0.3121 0.9647
0.524 0.8301
-0.7025 -0.7669
-0.8097 0.5539
0.8599 -0.5156
0.9111 -0.3234
0.7709 -0.6655
0.2842 -1.057
-0.5664 0.7809
-1.0078 0.0596
-0.3304 -0.9165
-0.0722 1.0623
-0.6402 -0.8941
0.9272 -0.2718
0.7171 0.6849
0.9226 0.3566
-1.0969 -0.0344
-0.9656 0.5247
0.5942 0.9574
0.2121 1.1111
-0.162 -1.0989
-0.5803 -0.7564
0.5479 0.9521
-0.1025 1.003
-0.86 0.4484
0.1872 -0.9475
0.9204 -0.5625
0.2894 0.9724
0.0776 0.9475
-0.6835 -0.6611
-0.3113 -0.9806
-1.0446 -0.4485
0.0137 0.9676
0.6605 -0.9123
0.6253 0.8684
0.5086 0.9859
-0.3241 -0.9811
-0.6616 0.8492
1.0226 0.2116
-0.3209 1.0742
0.4188 1.0502
0.1998 0.9359
0.8023 -0.527
0.5237 0.8826
0.9073 -0.4345
-1.0179 -0.4518
0.306 -0.957
0.9696 -0.0739
0.0785 -1.1441
-1.0705 -0.2638
-0.3734 0.9871
1.0104 0.325
-0.7202 -0.7968
-0.0368 -1.1158
0.6903 -0.7405
0.3477 0.8928
0.8057 -0.5896
1.1248 0.0751
-0.007 -0.9653
0.3826 -0.931
0.5854 -0.8559
-0.7125 0.6915
0.9252 -0.6113
-0.5887 0.801
0.073 1.0565
-0.4773 -1.0284
0.8229 -0.6026
-0.5913 0.9193
-0.5573 0.7722
0.7801 -0.8226
0.721 0.7334
0.1119 1.0311
0.5162 1.0186
0.724 0.6949
-0.5676 0.9531
-0.7172 -0.7673
0.0264 -0.998
-0.9629 0.2196
-0.9171 0.2819
0.2923 -0.9131
0.2412 1.0168
-0.681 -0.7711
1.0206 -0.3048
0.9628 0.4846
0.6794 -0.7374
0.2215 0.9673
-1.0346 0.4795
-0.91 -0.4475
-0.9092 -0.2863
-1.0482 0.3098
-0.3151 0.8984
-0.4267 0.9284
-0.8158 0.7337
0.1316 0.9527
-0.0179 1.0076
0.9156 0.3615
0.6985 -0.8848
0.8803 0.6854
-0.3527 1.0177
0.6379 -0.8616
0.7456 0.5919
0.7816 0.6567
-0.3962 -0.9386
-0.16 -1.079
-0.4923 0.8974
-0.6144 0.7976
0.5839 0.8087
-0.7478 -0.8075
-0.0773 -1.1402
-0.9057 0.2932
-1.0936 0.2481
0.3822 -0.9912
0.5143 -0.9778
-0.5264 0.9101
-1.024 -0.153
0.97 -0.2202
0.4924 0.9913
0.9524 0.4277
0.8084 0.5673
-0.5728 -0.98
-1.0724 -0.2835
0.2647 1.003
0.28 1.1148
-1.0014 -0.1872
1.0585 0.0744
-0.9947 -0.2979
-0.9388 0.3399
0.9642 0.4148
-0.5521 0.9985
-0.9323 -0.2038
0.0312 0.9938
-0.4693 0.9291
0.9575 0.5048
-0.9613 -0.1672
0.9642 -0.3541
1.0989 0.2352
0.5111 -0.8878
0.9865 0.3333
-0.971 0.0589
0.8456 -0.677
-0.8773 -0.5936
0.2668 1.0765
-0.8756 -0.7156
0.7916 0.5824
-0.6092 0.8597
1.0179 0.4897
-0.2009 0.9322
-0.0069 -0.9593
-0.2769 -1.1065
-0.8683 0.4256
-1.0344 -0.0941
0.9864 -0.1673
0.1366 -0.9736
-0.4698 -0.8948
0.2954 -0.9652
-0.7343 -0.7065
-0.9442 0.5192
-0.9537 -0.5926
-0.0415 -1.1044
-0.8272 -0.4722
-0.4007 -0.8687
1.1004 0.1186
0.4817 -0.9195
-0.5474 -0.8587
-0.9525 -0.384
0.8117 -0.6663
-0.9073 0.5554
0.7095 -0.9003
0.0801 -1.1055
0.9874 -0.3023
1.07 0.1197
-0.8592 -0.7476
-0.9659 0.0724
0.4298 -0.9028
0.938 -0.412
0.1751 0.9468
-0.7592 -0.5916
-0.2395 1.0844
0.9995 0.2425
0.9182 0.378
-0.1638 1.0018
-0.7809 -0.7782
1.1404 -0.091
0.6718 -0.8493
-0.9383 -0.1614
1.0438 -0.4456
-0.886 0.5381
-0.8994 -0.4849
0.0493 1.1027
0.7671 0.7471
1.0963 -0.0172
-0.8351 0.4567
0.6334 -0.8835
-0.606 0.7377
-0.4687 0.8881
0.2182 -0.9658
0.9891 0.1785
-0.4845 0.8998
-0.7337 0.7764
1.0752 0.2547
0.7441 0.6958
0.6269 0.9528
0.0623 -1.005
0.8693 0.4388
-0.8959 -0.7111
-0.8557 0.4601
-0.7062 -0.7007
0.8527 0.6651
0.6746 0.8334
-0.5693 -0.9246
1.0078 -0.213
0.1339 -1.0992
0.1308 -1.0593
0.7964 -0.7666
-0.6557 0.8199
-0.7675 -0.6326
0.6196 -0.8105
0.8383 0.5441
0.6811 -0.887
1.0972 0.1323
1.0115 0.3582
0.12 1.1248
-0.2718 -1.0027
-1.075 -0.1737
-1.1369 -0.037
-0.8751 -0.6262
-0.9704 0.3912
-0.3765 -0.9683
-0.6869 0.6602
-0.3603 0.9682
-1.1098 -0.2799
-0.4742 0.9806
0.9709 -0.5485
0.6781 0.7969
-0.4486 0.8621
0.9842 0.5889
-0.7984 0.7154
0.2141 1.0309
0.77 -0.6509
0.6618 -0.9339
-0.5019 0.8766
0.9495 0.6211
0.0889 -0.9731
0.7897 -0.6345
0.9269 -0.6005
0.8341 0.7183
0.6582 0.8768
0.9582 0.0662
0.728 0.799
0.268 0.9292
-0.0536 1.0075
0.3004 -0.9652
0.081 0.9593
-0.9706 0.0887
0.5463 -0.9823
-1.1068 -0.1814
-0.9918 -0.2202
1.1165 -0.2332
0.5673 -0.8988
0.3831 -1.0309
-0.691 0.8517
0.2918 0.9996
1.0204 0.2568
0.8446 0.6077
-0.9616 -0.5403
-0.098 0.98
-0.0143 -1.0467
0.3319 -1.0635
0.6396 -0.8174
0.3847 -0.9278
1.0214 -0.2407
-0.9184 -0.6541
-0.9941 0.4278
0.4331 0.847
0.0531 1.1266
0.9659 -0.2949
0.5922 -0.7524
1.0558 -0.0635
-1.0639 0.0559
0.2858 1.1097
0.5522 -0.855
0.8809 0.6845
-1.0552 -0.3743
0.019 -1.1346
-0.609 -0.8353
0.9136 -0.3122
